100
100
Testing
 37 100 98 86 85 74 72 66 60 51 47 48 58 67 69 84 81 83 84 81 81 79 80 81 81 82 85 84 89 96 98 100 100 112 138 159 172 168 138 114 95 89 87 82 88 80 80 81 88 88 88 88 87 91 87 89 88 90 92 93 96 96 101 102 101 102 103 106 107 109 112 111 113 115 115 116 115 115 114 114 114 114 112 113 112 110 108 107 105 102 102 98 98 97 98 101 99 99 99 101 
 34 105 99 88 80 73 70 66 59 53 54 51 60 71 75 84 83 84 84 81 81 81 81 81 81 87 89 87 89 99 99 104 106 124 143 170 174 167 131 106 97 91 85 80 86 79 80 78 89 88 87 88 87 87 90 89 91 91 91 95 97 96 100 104 102 105 105 107 108 109 112 111 114 113 113 114 112 113 111 110 113 111 110 108 107 105 104 104 100 100 99 97 98 97 96 98 99 98 100 100 
 20 100 97 84 79 73 75 66 54 53 48 61 65 71 79 86 85 86 83 81 81 79 81 80 82 89 90 90 92 99 101 116 126 133 147 139 192 164 129 107 94 90 83 82 85 80 86 83 90 89 88 90 89 91 90 89 90 94 93 94 98 98 102 105 105 105 106 106 108 109 111 111 113 113 112 112 111 110 109 105 107 106 105 102 104 102 101 101 98 97 96 94 95 97 99 95 99 97 98 100 
 23 98 90 83 77 70 70 63 58 53 59 55 66 75 79 86 84 84 85 82 82 83 82 83 82 86 90 90 95 107 127 133 137 136 131 125 126 150 122 105 95 90 87 83 83 80 90 82 89 90 89 88 89 90 89 89 91 92 94 97 100 100 103 105 105 106 106 108 108 110 112 109 111 110 109 107 107 107 103 104 103 102 101 100 103 99 99 97 97 95 93 95 95 96 96 96 97 99 98 99 
 18 97 89 85 81 74 68 64 54 44 52 66 73 75 82 85 84 83 85 81 82 83 82 85 85 88 91 92 109 136 134 122 106 96 73 97 93 115 140 106 93 88 84 89 79 82 86 81 90 89 89 89 89 91 90 90 93 94 94 98 100 102 104 105 106 106 106 107 108 108 109 108 106 105 105 105 102 104 101 102 102 102 100 100 99 97 96 96 95 93 91 91 94 93 95 95 95 95 96 97 
 17 94 83 82 73 71 66 57 51 55 70 72 71 80 84 86 86 83 84 81 82 82 84 86 87 91 93 89 132 105 106 65 75 98 61 78 63 76 89 102 95 91 83 89 81 86 85 90 91 89 89 91 89 90 91 92 94 95 96 99 102 103 105 105 106 106 108 108 108 107 106 103 104 103 101 101 100 99 99 100 100 100 97 98 96 94 92 93 93 91 91 91 92 94 92 93 95 94 93 96 
 17 93 86 80 69 70 63 58 57 59 65 71 79 83 85 86 87 83 81 82 84 82 83 84 91 94 93 95 131 60 81 31 41 50 60 57 46 30 62 60 108 91 85 88 83 88 79 91 91 89 92 91 89 92 93 93 93 95 97 99 102 103 106 107 106 109 107 108 107 105 102 100 102 99 100 99 100 100 98 99 99 101 97 94 94 92 92 90 89 89 90 90 90 92 91 90 90 92 90 91 
 15 91 82 77 71 66 63 62 57 56 67 69 82 85 87 87 86 85 83 83 83 83 85 88 91 93 95 112 119 44 36 39 46 49 126 100 111 38 49 51 61 94 83 84 82 86 84 91 91 90 92 91 92 90 95 93 96 97 100 100 102 105 104 107 105 106 106 107 104 102 98 98 100 99 99 99 97 96 98 98 92 96 95 94 90 89 89 89 86 88 88 85 88 90 89 90 90 89 90 90 
 14 93 76 73 71 76 60 52 71 69 71 76 78 89 87 88 86 83 85 84 83 83 87 90 95 95 97 79 126 29 58 143 151 160 171 175 177 181 78 42 37 91 83 84 82 86 89 92 92 92 91 91 93 94 95 95 96 97 100 99 101 103 106 105 103 103 105 103 101 98 95 95 96 97 96 96 95 97 95 92 95 94 92 89 88 87 87 86 83 87 86 86 88 89 88 90 89 89 89 90 
 11 84 76 71 59 73 62 58 57 61 76 78 86 89 89 87 85 84 84 84 84 85 85 91 96 94 100 112 44 36 135 136 158 174 181 187 188 186 169 28 45 97 89 84 85 83 91 92 92 92 91 91 93 94 94 95 97 100 99 98 101 103 104 103 102 100 101 101 98 98 95 94 94 92 92 93 93 93 91 92 92 91 89 89 86 87 86 86 84 87 90 86 87 88 89 88 88 89 88 89 
 7 85 80 75 72 70 65 60 61 74 77 83 89 91 89 89 84 84 83 84 84 87 89 90 96 93 106 103 27 49 133 155 163 190 195 197 197 199 180 179 45 97 88 81 87 79 92 92 93 93 93 91 93 94 95 95 98 99 100 98 101 101 101 102 101 99 98 97 95 95 91 90 91 91 91 90 90 91 91 89 90 89 88 89 87 85 85 85 84 87 86 87 87 86 86 88 87 88 88 90 
 5 81 77 73 69 65 54 60 76 65 81 84 89 89 86 88 85 85 84 83 83 87 88 92 93 95 105 108 38 152 139 150 157 186 200 199 199 200 197 164 53 94 86 83 91 82 93 94 93 92 92 93 93 94 95 96 96 98 97 98 100 101 101 97 98 96 96 95 94 90 87 88 91 89 88 87 87 88 88 88 86 88 87 85 85 83 83 85 86 84 85 85 85 85 84 87 86 87 86 89 
 9 83 80 70 68 65 62 63 71 75 73 89 89 88 87 86 83 85 84 87 86 87 89 95 94 93 104 109 127 143 143 150 170 210 207 206 208 205 189 158 64 89 86 85 89 90 94 94 94 93 93 93 94 93 95 96 97 98 98 97 98 98 99 97 96 97 96 93 93 90 86 87 88 87 88 87 87 88 87 88 87 85 88 85 85 84 83 83 84 83 84 84 84 86 83 86 85 86 86 88 
 5 85 76 71 64 67 66 65 69 68 84 87 89 88 85 85 84 85 84 85 85 88 92 94 96 102 103 112 121 135 151 121 93 125 162 189 146 92 129 161 95 91 85 86 88 92 94 94 93 93 94 93 95 94 94 96 97 96 96 97 98 96 95 94 94 95 94 90 91 87 86 86 86 87 86 84 87 85 86 87 86 85 83 85 83 83 83 84 83 83 84 83 82 84 85 84 85 87 86 87 
 7 88 76 73 67 64 69 66 70 81 91 88 88 90 85 86 85 85 84 85 87 91 93 94 94 109 106 112 111 131 143 136 180 163 117 193 112 194 135 143 85 89 85 85 87 93 94 93 92 93 94 96 93 94 95 96 97 96 97 96 96 94 93 94 93 95 93 89 88 86 86 85 86 85 85 86 85 86 86 85 86 85 84 85 84 83 83 83 82 82 84 83 84 84 84 84 86 83 86 86 
 7 83 77 71 70 60 70 59 74 78 87 86 88 87 86 86 85 85 86 86 89 90 94 94 97 105 105 113 175 107 142 130 125 163 156 205 178 158 117 158 101 83 85 94 85 93 93 93 93 94 94 93 94 93 94 95 95 95 95 96 96 94 94 92 92 91 90 89 87 86 86 85 84 85 85 86 85 84 84 86 84 83 83 83 83 83 83 83 82 81 85 83 82 85 84 81 85 84 86 86 
 6 82 77 71 68 70 66 73 77 87 82 88 88 84 85 85 86 85 85 88 88 93 94 94 97 102 107 114 119 140 160 146 175 185 140 178 208 195 192 190 174 83 87 92 96 94 94 93 93 94 95 94 95 96 95 96 94 96 95 93 94 93 92 91 91 90 90 87 88 85 86 85 87 87 85 85 84 85 83 84 83 83 82 82 80 82 82 81 81 81 80 81 81 82 83 84 86 85 86 86 
 7 87 75 72 73 71 75 75 83 88 88 86 86 85 85 84 86 86 84 87 86 95 94 94 106 103 108 112 116 156 158 160 188 189 183 212 191 202 206 185 109 88 89 88 92 95 95 95 94 94 95 95 96 96 95 94 93 94 94 94 93 93 91 89 89 88 89 86 86 85 85 85 86 86 85 81 84 83 82 82 82 81 79 81 81 79 79 79 79 80 79 81 80 80 82 84 85 85 85 86 
 6 90 79 72 72 60 76 85 90 89 88 86 85 86 83 83 86 85 86 87 86 94 95 90 105 104 109 113 116 160 149 156 180 196 171 102 162 195 201 169 150 88 91 84 95 95 95 95 96 96 96 96 96 95 94 94 94 93 94 92 92 92 91 89 88 89 88 84 86 85 83 86 86 86 81 81 83 80 83 80 79 81 80 80 80 80 81 79 81 82 80 80 80 83 83 82 84 85 84 88 
 7 92 80 73 70 72 81 81 93 86 87 86 85 86 84 86 84 84 87 86 93 95 95 93 104 107 109 112 122 203 123 153 172 180 100 99 151 202 178 167 197 89 93 87 95 94 94 96 96 96 96 96 94 95 93 94 94 92 92 92 90 88 90 88 88 88 87 88 86 87 84 85 86 84 83 83 82 81 80 80 80 81 81 80 81 80 79 79 80 80 79 79 81 83 82 82 85 85 83 86 
 8 95 76 78 76 79 82 90 95 87 87 86 84 87 84 85 84 88 88 93 94 96 96 101 103 107 109 114 123 192 124 154 170 138 115 117 125 89 176 159 83 94 91 91 95 95 94 95 96 95 94 96 95 95 95 95 92 91 90 88 88 86 87 88 89 87 87 89 87 86 85 85 83 83 82 81 81 79 79 79 79 80 82 81 82 81 80 79 80 80 79 79 80 82 84 82 83 84 85 84 
 11 87 85 74 74 79 86 89 90 86 88 86 86 86 84 85 88 88 88 89 94 95 96 105 106 107 108 115 131 165 114 140 153 188 160 180 182 153 145 130 91 93 91 94 97 96 95 95 97 96 95 95 95 95 94 93 91 91 90 86 88 87 88 87 88 87 85 87 84 84 86 84 82 82 81 81 82 80 81 79 79 81 82 82 81 80 80 79 80 80 80 81 81 82 83 83 83 85 85 84 
 11 91 87 76 78 86 91 91 86 91 86 87 86 86 83 85 89 89 90 90 96 95 89 107 106 108 110 118 138 168 81 119 120 185 194 142 180 166 129 118 92 91 89 95 97 97 95 99 97 96 96 95 95 95 93 92 91 90 88 86 87 87 89 88 88 88 85 86 85 84 83 82 84 78 80 78 76 79 81 81 81 82 82 83 83 82 80 79 80 80 80 82 83 83 82 82 83 85 85 85 
 11 87 86 85 86 89 91 92 91 91 87 86 86 83 83 86 88 87 90 96 96 94 96 108 107 109 113 121 142 174 119 88 81 162 173 176 186 141 112 92 94 88 90 96 97 96 96 98 97 96 96 96 94 94 91 91 90 88 89 86 88 86 87 86 87 87 86 86 84 82 81 81 81 79 79 79 80 79 80 81 81 81 84 82 83 81 81 79 77 78 80 79 81 80 82 81 83 84 83 84 
 7 99 89 86 93 92 90 91 90 93 87 85 86 83 85 85 89 89 94 94 98 94 99 109 107 111 115 128 158 181 104 87 86 81 133 128 121 103 84 95 116 92 91 97 96 96 94 97 95 94 94 93 91 93 90 85 87 88 87 84 87 86 87 87 87 87 84 85 83 81 82 79 78 79 79 79 79 78 80 82 83 81 82 81 82 80 81 80 79 79 79 80 81 83 83 82 81 84 83 83 
 9 100 92 90 97 93 91 92 91 91 87 84 84 85 86 88 88 91 92 95 96 97 108 105 107 110 115 134 161 201 134 122 92 110 86 92 96 105 136 52 18 14 124 94 95 94 95 94 95 94 94 93 90 90 88 87 88 87 85 84 87 86 86 86 87 85 84 82 81 83 81 80 79 78 81 81 81 79 80 80 80 81 81 81 81 81 81 80 80 80 81 81 83 83 78 82 83 84 83 83 
 10 103 92 97 95 95 88 93 90 90 87 84 85 84 86 89 91 92 94 95 94 95 106 104 109 113 119 138 200 70 176 126 132 126 105 103 106 136 146 42 24 20 28 41 95 95 94 94 93 93 92 92 92 88 87 87 86 86 85 85 86 88 87 88 87 85 82 82 81 79 79 80 82 80 78 80 81 80 81 79 81 81 80 80 80 81 81 80 79 78 82 81 82 83 82 85 83 83 84 83 
 8 102 97 97 98 91 93 93 89 89 88 85 86 84 85 89 90 93 94 96 94 103 106 107 108 115 121 188 95 58 191 121 138 146 134 123 142 150 152 147 215 26 24 29 55 96 95 94 93 93 92 90 89 88 84 86 85 85 86 85 87 87 88 87 86 86 84 82 80 78 79 81 81 80 81 80 81 81 80 80 80 80 79 81 78 79 80 80 82 78 82 82 84 84 85 83 84 84 84 83 
 10 101 96 99 94 93 97 90 89 88 86 86 84 83 86 89 91 95 96 96 95 111 105 109 111 118 125 59 42 32 180 122 137 151 161 162 152 149 153 144 185 153 35 29 47 30 94 94 92 93 89 89 87 88 86 86 89 86 88 86 86 88 89 85 87 83 82 80 79 78 79 81 81 80 78 79 81 81 79 83 82 79 79 79 78 81 83 81 83 83 81 82 81 84 85 84 83 84 84 84 
 11 110 97 95 91 98 95 91 92 86 86 86 83 84 90 89 91 95 96 99 95 108 108 109 114 124 186 33 63 23 203 181 139 155 164 166 162 157 149 149 128 238 43 24 26 23 96 101 105 90 90 90 86 88 86 86 88 86 87 87 87 86 87 86 85 85 81 80 80 79 81 81 82 79 80 80 81 82 81 81 82 81 81 81 80 80 83 84 84 83 82 82 82 84 85 85 84 83 84 83 
 11 108 94 94 96 97 95 91 90 87 84 84 86 86 91 90 94 98 98 97 100 111 126 125 119 93 90 13 29 31 69 240 241 246 246 226 163 155 213 245 244 243 42 28 23 18 95 97 107 117 106 90 89 89 87 86 86 88 86 86 83 87 86 86 83 84 81 81 79 79 80 83 80 81 80 80 81 81 80 81 81 81 82 81 80 81 82 80 81 82 83 82 86 83 84 85 86 84 82 81 
 12 111 105 100 99 93 92 89 88 85 85 85 84 88 87 91 96 97 92 104 129 130 74 81 69 73 87 36 29 29 41 243 244 244 244 244 245 244 244 244 244 243 60 32 24 23 22 97 106 80 111 112 99 90 88 85 86 85 84 84 82 86 87 83 84 83 81 79 79 80 80 79 80 80 81 82 83 82 82 80 80 81 82 80 80 80 82 81 82 81 82 81 83 84 84 83 84 84 82 81 
 12 103 105 100 95 94 90 89 85 85 84 83 84 89 91 95 96 95 113 116 103 82 69 17 65 58 54 37 32 36 38 243 245 245 245 244 245 244 244 244 243 243 213 30 27 27 25 39 91 98 98 94 84 123 83 87 89 87 84 82 83 84 86 86 86 82 80 79 79 82 79 81 81 81 79 81 81 81 82 81 80 79 81 81 80 81 81 82 84 83 83 82 83 84 82 84 85 84 84 83 
 9 96 103 97 94 91 90 88 86 85 83 84 84 90 91 96 102 121 48 58 63 70 43 31 96 52 67 20 26 31 44 210 245 245 244 244 244 243 244 244 243 242 241 32 32 28 29 19 31 98 100 85 76 83 106 108 86 84 86 84 84 83 85 85 84 82 81 79 79 82 81 80 82 82 83 81 81 81 81 82 80 78 80 81 80 80 81 81 81 82 83 83 84 83 85 84 84 85 86 85 
 10 94 103 95 93 92 89 89 86 84 84 85 87 85 95 115 50 80 56 26 30 18 36 27 89 24 54 38 40 37 44 147 245 245 244 243 243 243 244 244 243 243 240 47 31 32 28 37 42 47 56 90 45 49 120 55 83 86 86 85 82 83 84 85 83 82 80 78 80 80 81 82 82 81 81 82 80 80 82 83 80 80 81 82 80 83 82 82 81 83 82 82 80 84 85 86 86 85 84 82 
 9 91 99 93 90 90 89 84 87 84 86 90 91 93 72 78 18 25 34 29 25 24 17 20 17 21 35 30 36 44 43 121 235 243 244 243 243 243 243 243 243 242 241 64 35 38 34 43 34 27 27 55 27 74 28 38 39 61 84 86 85 84 85 85 84 83 81 80 80 81 81 81 82 81 80 82 83 82 81 82 82 81 80 82 83 83 82 82 82 83 82 84 83 84 83 86 86 86 83 83 
 10 73 98 93 89 90 90 89 87 85 80 90 97 79 87 55 29 23 23 22 25 23 24 15 21 19 22 40 37 39 33 119 242 243 243 243 243 243 243 243 243 242 240 149 54 31 35 31 31 27 25 36 51 11 30 34 14 30 104 86 85 84 85 86 82 81 80 80 78 81 82 83 83 81 83 83 84 82 82 82 82 83 81 81 81 81 81 84 85 84 83 81 84 84 85 85 84 83 84 82 
 13 50 96 92 89 84 113 93 96 109 87 123 95 87 23 15 24 23 21 20 21 18 23 21 20 22 21 37 34 40 39 122 242 243 244 243 243 243 243 243 243 242 241 240 59 27 33 34 32 27 25 31 28 18 17 23 23 34 26 83 85 84 85 87 82 80 80 81 82 81 84 82 84 81 81 82 83 83 85 84 84 85 81 82 83 83 82 83 83 81 83 82 83 86 84 83 83 84 84 82 
 12 42 93 91 83 109 126 55 48 46 12 26 88 18 28 30 18 20 24 19 19 19 20 22 19 23 22 37 34 39 36 68 115 95 119 130 129 116 130 131 109 105 116 122 47 29 36 40 36 24 22 36 34 22 28 29 34 34 34 82 85 85 84 86 85 80 81 82 83 81 84 83 85 84 83 85 83 84 84 83 84 81 81 80 85 83 81 80 82 84 83 84 84 85 85 85 86 86 85 82 
 10 36 93 110 108 52 81 53 36 72 43 30 16 61 20 58 18 23 20 20 20 18 19 22 21 17 23 35 36 32 36 71 111 108 238 108 124 173 96 108 111 96 177 111 45 41 39 40 27 27 33 33 26 13 31 29 29 38 39 84 87 87 86 87 84 81 79 82 84 83 87 86 87 86 84 85 87 86 84 85 88 84 83 85 85 84 84 84 84 86 84 85 87 88 84 86 86 87 85 86 
 12 61 203 164 104 51 20 37 35 19 24 26 24 20 16 18 20 17 16 16 20 18 20 25 20 18 18 32 31 31 38 86 106 76 90 97 101 91 86 87 85 89 102 91 32 42 39 34 27 22 31 31 25 26 32 30 30 26 37 111 85 87 88 89 84 83 83 84 85 86 82 87 90 85 86 85 86 88 85 85 84 84 85 85 87 87 88 86 89 88 86 86 85 89 88 89 88 87 85 89 
 14 68 180 169 190 34 27 24 19 25 20 25 29 20 19 12 18 12 20 15 17 17 16 25 22 17 21 37 31 24 33 211 239 239 240 241 241 240 241 240 240 240 239 238 197 45 40 30 22 22 31 25 18 17 40 17 16 23 37 110 86 87 88 89 85 84 83 84 87 86 89 87 88 87 85 90 89 89 89 87 88 88 86 88 86 89 89 88 89 87 87 89 85 88 90 88 89 90 169 157 
 15 32 165 154 149 17 23 22 15 19 20 17 22 23 23 16 17 17 15 13 24 17 21 22 22 19 23 40 28 32 36 217 239 240 240 241 240 240 240 241 240 241 240 239 240 63 41 36 24 26 32 25 19 20 29 46 17 21 36 40 87 91 88 89 85 85 88 92 89 90 89 89 89 90 88 93 89 89 91 90 89 92 90 90 90 92 90 91 91 91 91 91 88 90 89 90 88 151 122 104 
 13 25 155 152 147 135 28 27 13 28 22 21 17 17 23 20 19 16 18 13 13 20 19 26 27 15 19 22 31 30 39 217 238 240 241 240 241 240 240 240 239 239 239 238 236 66 39 38 17 24 32 45 20 17 27 46 45 36 9 24 90 91 94 94 88 90 89 92 94 94 91 94 95 91 92 93 95 97 94 94 95 92 94 96 100 99 101 98 97 96 96 94 98 93 91 93 94 103 119 101 
 12 20 154 154 151 153 28 26 20 21 23 24 18 22 14 16 18 20 18 15 14 18 21 22 22 20 17 28 29 34 35 219 240 241 241 241 242 242 243 242 241 239 237 237 231 81 44 40 26 20 31 14 21 14 18 20 25 25 51 25 88 94 87 82 82 74 89 93 93 99 105 135 152 171 180 190 196 215 235 241 244 244 249 251 251 252 252 252 252 253 253 253 252 213 93 223 248 124 249 249 
 11 18 155 152 142 138 18 26 23 22 18 25 32 20 21 17 18 16 20 18 15 22 28 22 22 18 21 23 28 35 35 212 232 239 241 238 225 221 226 234 235 237 239 239 239 226 36 34 29 17 19 18 12 18 20 23 29 28 20 40 249 250 250 249 249 248 251 251 250 250 250 251 250 251 249 250 248 248 247 247 248 247 247 247 248 248 248 248 249 248 247 247 246 245 247 201 220 248 232 239 
 12 12 150 151 148 145 20 27 25 25 27 23 26 24 22 26 25 20 15 20 20 25 26 22 22 21 19 22 36 37 36 202 242 243 242 243 243 243 243 243 243 242 242 242 239 220 56 47 34 20 19 33 14 16 23 20 28 28 30 55 248 248 247 248 248 248 247 248 247 247 247 248 248 248 247 247 247 245 245 246 246 244 245 244 244 245 244 245 245 243 242 243 242 242 241 245 220 225 222 214 
 13 7 146 152 151 148 30 21 20 28 26 28 163 46 70 77 78 96 89 110 237 23 31 23 23 21 17 19 29 36 36 173 240 238 176 197 236 244 243 243 242 242 241 241 240 231 115 48 52 21 27 15 7 18 20 27 26 26 38 63 60 247 236 243 243 244 245 243 244 244 244 244 244 244 244 244 243 243 243 243 242 242 242 240 241 240 243 241 248 241 239 233 237 236 237 236 220 190 224 212 
 15 17 213 239 234 213 184 200 201 191 218 216 220 224 226 223 226 223 221 210 185 32 32 22 23 21 14 22 31 32 37 169 227 238 240 242 244 244 237 168 238 242 241 241 240 238 216 51 49 19 24 21 43 17 20 24 29 42 41 44 50 222 233 230 244 242 243 243 242 242 241 243 243 242 243 243 243 243 243 243 243 242 241 241 241 239 239 238 239 238 238 237 237 236 236 212 220 231 251 241 
 13 30 251 248 248 248 249 248 245 245 246 243 237 232 230 230 231 233 225 222 193 66 32 25 26 24 14 22 29 29 36 197 241 243 242 242 243 243 243 243 243 243 239 240 241 240 199 42 52 32 25 24 27 11 23 23 31 29 35 49 65 93 234 229 228 240 242 242 241 241 242 243 243 243 243 243 244 244 244 244 244 242 242 241 240 239 239 239 238 238 238 238 238 237 236 198 216 208 183 226 
 23 24 246 246 247 246 246 244 243 243 244 243 236 235 230 228 229 230 228 220 213 95 31 26 26 21 17 22 29 31 35 147 222 153 246 243 243 242 239 230 225 193 198 243 241 239 239 224 42 37 39 33 32 9 16 19 18 31 80 168 169 90 120 229 225 235 239 242 243 242 243 243 242 244 244 244 244 244 244 244 244 243 243 241 240 240 239 240 238 238 237 237 238 238 237 229 219 216 185 154 
 21 29 242 246 246 246 244 243 243 242 240 241 235 236 239 229 227 227 228 228 213 160 34 26 27 22 17 21 30 39 36 128 230 233 241 189 198 243 242 242 242 242 242 243 241 194 169 211 50 44 52 40 46 16 19 35 20 36 149 146 157 158 71 228 231 238 242 243 244 244 244 244 244 243 244 244 244 244 244 244 244 245 243 242 241 240 238 239 238 238 238 238 239 238 237 230 223 215 216 251 
 23 29 240 243 243 244 243 243 241 241 241 242 236 236 239 228 226 226 227 229 212 194 37 29 24 22 13 16 30 32 36 130 242 241 241 240 240 242 224 221 241 241 241 242 241 240 239 217 221 57 31 30 39 26 18 16 21 146 142 152 135 179 164 235 233 238 235 243 244 244 242 242 243 244 244 244 245 245 244 245 244 243 243 242 241 241 239 238 238 238 238 238 239 239 236 237 227 215 213 148 
 18 20 241 243 244 243 241 242 241 241 242 242 240 238 238 229 227 226 229 229 217 220 40 31 25 22 19 19 30 32 34 42 191 171 223 232 240 240 242 242 242 242 242 242 242 241 240 242 240 115 44 44 43 37 9 17 17 133 150 144 203 174 166 235 234 239 238 244 243 243 242 242 243 242 243 244 245 245 244 244 244 243 243 242 241 240 239 238 238 239 238 238 238 237 236 242 225 198 231 210 
 21 29 241 244 243 243 242 241 241 241 242 242 239 238 238 228 227 227 229 228 221 224 32 29 23 25 18 16 33 26 33 30 181 202 214 235 243 242 242 241 242 242 242 242 242 239 139 125 78 59 68 22 40 28 32 17 93 136 136 136 137 153 170 232 232 239 238 242 243 242 242 242 242 243 243 244 244 245 244 245 243 243 242 242 241 240 239 238 239 239 237 238 238 237 236 237 228 240 212 173 
 20 26 241 243 243 243 241 241 241 241 241 241 238 237 237 236 229 229 229 229 225 207 46 50 125 177 186 196 97 33 33 35 142 237 243 204 201 196 190 177 187 239 243 241 232 133 102 84 53 66 82 78 27 48 41 22 42 128 126 131 130 152 165 226 233 237 239 240 242 242 242 241 241 243 243 243 244 244 244 243 243 242 241 241 240 240 239 239 238 238 239 238 238 238 237 237 227 237 211 176 
 16 25 238 243 243 242 242 241 240 240 241 241 237 237 236 238 231 231 230 230 230 181 43 227 105 105 163 179 232 34 29 32 227 230 194 197 223 237 237 161 223 218 240 241 120 98 52 53 55 62 52 63 105 69 22 50 43 70 111 132 125 144 151 163 232 230 239 239 242 242 241 241 241 243 243 243 243 243 242 243 242 242 241 241 240 240 239 239 238 239 238 238 238 238 238 238 232 236 209 186 
 20 19 240 244 242 243 242 242 241 239 241 241 235 236 236 236 232 233 233 232 231 202 57 224 77 93 49 136 222 40 32 41 63 139 154 157 215 242 240 240 241 240 239 137 100 55 53 38 51 50 61 53 52 68 54 141 96 23 54 98 127 142 158 178 234 231 239 239 241 243 242 243 243 243 243 243 243 243 242 242 242 242 242 241 240 241 238 239 239 239 239 238 238 238 236 235 225 228 200 210 
 14 31 241 243 242 243 243 243 241 240 241 241 236 236 236 237 235 233 232 232 233 224 88 222 216 127 168 99 141 39 32 31 31 155 172 242 244 231 223 237 240 240 241 92 70 42 35 43 41 48 48 44 49 49 43 58 78 66 97 117 145 139 145 164 159 239 241 239 243 242 242 243 243 244 244 244 243 243 243 242 242 241 241 241 241 241 239 239 239 240 239 238 237 238 237 235 214 138 147 191 
 21 27 242 244 244 244 243 242 243 242 241 241 237 237 237 238 232 231 232 230 233 220 178 226 88 92 73 193 144 64 81 123 143 158 202 233 241 239 240 240 240 240 113 78 56 30 34 36 43 47 41 42 49 47 55 56 55 63 68 63 80 121 114 157 156 240 249 239 244 244 243 243 243 244 244 243 243 243 243 242 242 243 242 241 241 241 240 239 238 240 240 240 238 237 238 233 214 170 167 226 
 19 22 244 245 246 244 243 242 242 242 242 241 239 237 237 237 232 230 230 232 231 219 206 234 152 127 104 125 151 144 136 114 224 230 157 220 235 240 242 221 228 118 101 50 25 28 29 38 38 35 33 24 35 34 52 52 52 57 62 63 68 113 105 196 215 166 230 150 252 254 242 244 244 243 242 242 242 243 242 240 242 242 241 241 241 240 240 238 239 239 239 240 237 237 237 224 216 211 135 221 
 18 29 241 245 245 244 243 242 243 243 241 242 237 236 236 236 226 228 230 231 231 216 187 247 249 249 242 248 247 148 170 147 185 232 222 211 225 231 234 99 63 102 70 42 34 31 29 29 26 28 24 32 27 23 31 37 52 46 41 63 63 78 85 169 173 185 188 156 107 231 241 242 242 245 243 241 241 253 250 164 237 241 241 241 240 239 239 237 238 238 237 238 236 235 231 201 231 241 240 245 
 17 25 195 245 245 244 243 243 242 240 241 242 238 236 236 235 227 230 230 229 228 216 181 229 123 132 190 90 231 127 125 104 117 229 215 224 220 231 174 39 36 90 65 35 21 29 28 25 23 23 21 21 22 24 19 31 33 40 42 30 59 61 78 192 188 180 185 181 183 184 195 199 198 205 206 123 116 220 136 194 142 227 241 240 239 236 235 235 233 232 231 230 225 223 226 200 188 176 171 162 
 17 30 104 148 243 243 243 242 241 238 240 240 236 235 235 235 232 231 227 229 227 218 170 170 164 172 220 225 178 111 163 149 132 190 194 187 206 226 201 40 115 52 40 39 27 25 33 22 23 18 16 19 18 23 22 25 27 29 34 34 38 52 73 191 193 193 199 201 197 188 184 176 183 108 81 96 208 121 115 141 138 236 230 224 221 224 220 216 208 203 197 192 189 181 174 200 136 158 163 173 
 13 23 95 121 138 245 242 242 241 240 240 238 235 235 234 235 229 231 229 229 230 218 188 193 217 212 249 245 247 193 231 183 211 251 223 139 212 221 143 46 154 49 41 39 31 30 34 23 23 19 20 21 28 20 22 25 26 29 26 37 31 42 39 142 156 156 157 164 180 173 178 160 155 60 89 203 78 36 63 99 175 185 115 123 131 243 120 108 99 88 91 89 90 90 88 87 89 89 87 92 
 13 16 80 92 94 174 244 241 241 240 239 235 235 234 234 235 228 229 229 230 232 218 214 215 133 164 228 246 238 122 204 116 191 170 150 177 217 135 117 42 133 62 53 47 33 34 23 24 26 22 25 21 20 30 31 32 37 38 35 23 25 19 23 122 132 127 127 130 135 134 128 132 138 52 35 235 68 42 69 61 97 57 70 95 124 132 223 94 96 117 97 89 89 88 90 90 86 87 88 88 
 11 17 90 88 101 112 141 167 239 239 239 234 234 233 235 236 227 228 227 231 228 214 165 225 137 232 156 209 172 175 168 102 123 133 136 102 166 178 226 235 247 246 245 244 237 230 226 224 224 223 224 220 217 208 208 200 199 192 191 183 180 187 187 197 214 68 82 82 80 42 30 39 45 29 37 180 46 26 58 40 56 41 42 69 61 114 82 100 96 117 94 88 96 93 88 91 83 95 88 94 
 12 17 55 94 109 235 194 222 203 236 238 232 232 231 232 229 224 225 232 185 171 179 172 174 144 243 149 166 204 177 180 183 216 231 228 229 235 235 235 235 233 231 231 229 221 220 214 210 207 206 205 203 200 197 192 189 189 189 184 178 167 178 224 232 214 57 28 36 59 51 48 54 44 39 18 50 34 40 51 28 52 28 42 52 52 68 99 88 95 112 107 81 92 91 96 96 98 88 92 91 
 12 18 36 51 229 243 134 133 234 159 229 225 228 226 208 178 219 250 243 199 202 164 144 241 227 233 182 240 253 187 151 154 187 211 217 222 223 223 225 226 225 226 225 222 216 210 206 201 201 192 183 168 163 170 197 233 241 238 232 230 227 226 226 219 210 74 28 36 41 43 46 46 45 44 95 20 21 27 23 55 34 27 49 42 42 35 85 93 94 113 114 92 93 87 92 94 95 86 91 89 
 14 22 223 223 227 230 171 117 231 164 228 199 209 148 239 237 220 227 233 229 224 91 102 104 136 217 142 176 179 191 194 199 221 215 230 219 219 223 223 225 228 226 218 219 213 203 198 198 205 214 216 223 228 227 229 229 229 229 226 227 241 247 208 127 73 29 27 39 33 23 46 53 57 48 35 139 140 57 17 33 29 46 39 46 40 44 57 236 236 237 238 230 231 198 78 117 173 207 204 197 
 14 23 215 221 222 226 219 221 219 229 210 122 100 112 225 207 205 204 200 201 199 193 199 203 215 196 191 196 177 177 172 166 166 169 168 167 182 187 195 199 202 203 202 201 199 195 194 197 204 212 217 227 237 242 243 222 174 143 98 62 48 42 44 34 21 36 33 40 31 27 28 25 33 52 42 98 234 237 102 103 23 51 41 40 35 38 80 226 238 244 248 250 250 250 250 246 202 199 210 179 
 12 15 212 219 219 213 214 232 143 140 112 91 106 96 204 195 189 187 187 191 195 199 201 202 201 197 189 183 178 173 167 167 167 166 168 172 176 184 189 197 211 210 218 203 220 205 169 135 96 101 83 60 54 40 45 28 30 22 26 30 23 23 22 16 17 27 25 29 27 16 16 49 42 24 41 30 245 244 246 243 182 33 42 39 41 46 248 244 245 245 245 244 244 244 244 245 244 242 249 246 
 10 16 194 198 200 200 201 222 224 237 243 224 131 81 118 193 200 204 197 198 205 211 216 226 225 219 217 194 190 183 171 170 152 120 98 84 78 84 130 112 77 75 77 197 47 46 33 31 37 41 23 32 27 26 23 16 16 17 16 15 14 16 16 14 15 22 36 30 27 16 39 31 32 47 39 36 242 245 246 246 245 208 47 36 48 188 244 244 245 245 245 245 245 244 245 244 245 244 243 212 
 12 20 183 192 206 208 210 201 184 221 196 198 207 87 68 70 81 80 76 87 89 75 108 135 74 62 49 115 88 66 43 35 43 38 46 40 54 73 71 208 48 50 68 205 58 33 24 28 26 29 28 21 19 19 17 15 14 15 14 17 16 14 12 16 20 17 27 27 18 43 26 29 40 39 25 32 244 243 246 245 246 242 245 252 249 239 242 242 242 243 241 242 240 240 239 238 240 238 238 240 
 12 15 160 185 186 175 170 165 131 111 134 159 92 50 62 46 95 62 66 83 63 72 82 212 39 35 43 50 226 40 52 44 139 146 35 135 181 180 69 202 31 98 64 69 198 31 28 26 24 24 25 20 18 16 17 14 14 12 13 14 14 13 13 21 22 18 28 29 25 39 30 37 42 42 46 47 237 241 241 240 237 240 237 232 223 223 230 233 230 234 234 248 239 238 236 237 235 236 235 234 
 13 16 115 187 135 195 183 191 176 203 183 86 60 45 53 63 70 77 41 55 45 78 75 67 115 38 38 54 118 157 63 66 63 72 49 173 172 157 95 149 102 99 55 56 221 34 24 18 24 24 21 14 13 18 12 21 15 17 14 14 13 16 15 17 19 17 37 21 23 24 34 44 36 38 37 40 227 232 231 221 220 204 223 223 199 215 204 223 225 224 231 232 233 232 231 231 231 230 231 234 
 7 16 111 145 155 166 168 186 208 174 175 216 71 51 56 40 56 74 34 61 51 68 66 211 211 161 166 160 161 235 204 214 214 216 203 218 229 243 247 247 165 242 149 208 213 185 199 209 139 151 144 120 172 127 121 97 120 25 37 29 6 16 24 16 22 24 19 20 22 22 21 23 24 36 39 36 224 218 218 217 217 218 214 220 186 193 208 203 223 230 224 227 227 231 231 231 231 231 230 228 
 10 14 93 99 144 150 113 108 170 170 117 146 167 39 60 99 84 31 61 44 41 58 82 244 249 244 238 239 240 232 235 235 238 238 240 239 237 238 236 236 157 231 236 249 182 178 224 190 173 187 146 158 125 120 110 114 111 31 57 69 71 64 36 22 8 31 14 19 22 17 26 20 35 28 40 36 200 217 218 217 216 197 192 218 217 180 191 191 226 229 226 226 226 230 231 230 230 229 231 224 
 10 18 62 81 112 111 166 94 100 139 79 72 46 39 64 56 57 34 21 30 27 49 64 241 243 169 243 242 238 243 233 241 240 233 235 236 233 232 230 231 244 247 232 226 221 211 219 224 210 209 207 207 110 129 134 138 134 124 82 80 62 58 147 166 161 197 178 26 15 21 26 27 37 19 21 54 202 199 218 214 200 194 196 205 215 209 215 184 222 223 227 224 224 231 231 231 229 232 230 223 
 11 15 28 44 70 103 128 147 163 165 204 205 199 191 188 190 185 180 177 177 171 168 170 175 168 167 169 171 166 153 195 230 235 233 234 226 225 223 222 222 222 175 226 237 220 218 229 228 229 232 229 225 217 210 166 139 151 162 159 97 62 149 144 167 167 181 180 10 24 31 26 34 20 29 37 53 186 182 205 211 198 195 196 195 207 205 205 185 210 225 219 225 223 230 229 226 224 225 224 222 
 10 17 173 213 212 212 206 203 200 195 193 190 189 186 185 181 179 176 175 173 172 170 167 168 168 167 168 169 169 167 165 175 241 235 236 231 215 226 228 229 230 170 225 225 228 226 189 227 229 228 229 231 216 213 173 174 203 189 154 136 152 149 172 168 165 167 170 28 28 39 34 32 29 40 41 47 164 186 174 199 197 194 196 194 194 188 202 185 209 209 215 213 221 224 224 225 224 224 223 221 
 12 13 164 206 203 199 195 193 193 189 186 184 184 182 178 175 172 172 170 168 168 166 166 166 164 165 161 166 165 201 201 204 234 228 232 231 230 230 231 228 229 241 245 231 230 229 175 227 227 229 227 227 223 215 209 208 211 211 219 228 212 150 173 172 163 164 167 44 37 30 33 24 41 41 39 46 177 171 176 198 197 196 196 196 193 189 182 179 207 212 193 212 211 212 225 224 223 224 223 221 
 11 19 152 194 194 192 190 187 183 182 181 178 177 174 173 170 170 169 167 167 165 157 157 166 207 199 194 192 195 197 198 205 239 228 233 233 231 232 231 232 231 223 218 229 229 230 223 231 227 229 230 226 226 223 213 219 219 222 223 224 208 211 213 204 176 165 168 46 37 37 33 40 41 40 38 47 225 169 180 198 197 222 207 196 189 164 176 150 202 194 194 206 211 211 212 225 222 222 223 221 
 11 17 134 187 188 186 185 182 181 180 178 175 175 173 170 166 174 185 198 202 199 200 200 200 199 196 194 194 195 196 182 241 173 232 233 232 231 232 233 232 233 230 142 228 229 230 228 237 228 227 226 225 224 225 220 219 226 225 223 223 226 213 211 216 192 198 165 70 31 34 31 35 39 39 43 43 206 145 169 198 198 193 218 189 186 176 171 167 192 195 195 195 216 211 211 212 223 223 223 222 
 13 15 102 185 185 184 183 180 185 187 186 187 190 189 191 191 195 195 197 197 199 200 199 199 197 193 181 209 243 228 228 228 228 235 232 232 232 232 232 232 232 228 247 247 233 231 228 179 226 229 222 225 225 224 229 233 226 227 222 224 227 212 212 210 214 194 195 93 34 37 39 38 35 40 39 46 223 197 195 205 199 199 208 175 209 164 165 166 203 196 196 196 196 210 210 211 218 221 223 221 
 13 16 82 178 169 175 175 180 182 188 190 190 190 191 193 194 195 196 198 201 206 189 213 234 230 228 230 227 217 224 233 229 228 159 233 231 231 232 232 234 229 226 226 194 233 233 231 217 221 227 229 227 228 232 233 229 229 224 224 226 225 220 211 211 209 190 194 216 33 31 35 32 37 33 37 33 206 197 188 213 215 197 204 218 211 196 210 175 166 196 196 197 196 197 212 210 213 221 221 212 
 9 14 43 167 168 171 175 179 181 188 190 190 193 194 203 208 187 141 97 60 87 232 232 225 227 229 229 226 228 234 230 231 233 237 235 231 230 231 230 230 229 226 226 243 231 233 233 230 228 231 231 222 225 227 231 227 228 224 226 226 226 220 210 209 209 211 195 228 31 32 30 24 41 34 41 40 196 199 199 212 214 195 202 206 206 196 195 212 176 197 198 198 197 194 192 205 211 213 218 209 
 11 14 35 166 167 158 161 167 206 176 116 67 58 63 38 49 53 52 50 62 65 231 234 222 226 227 229 227 225 186 235 230 232 229 160 228 229 230 230 229 228 229 225 211 229 232 232 230 231 229 232 231 226 225 227 225 227 225 226 226 226 219 207 211 211 212 207 207 44 27 31 39 19 33 38 40 204 196 210 214 214 213 193 204 208 197 198 199 211 194 189 186 187 186 185 186 187 201 212 209 
 9 12 9 62 212 210 210 211 158 31 21 14 47 33 23 30 43 38 54 56 224 227 231 232 223 226 227 228 224 224 226 228 230 223 240 214 229 229 229 227 227 228 225 227 220 229 231 230 227 226 228 230 224 223 229 223 224 228 225 225 226 221 218 215 210 209 211 211 33 33 27 28 37 23 31 37 221 201 208 210 212 211 198 203 197 199 195 195 196 207 190 187 185 183 182 183 183 180 207 205 
 11 11 17 42 208 207 209 215 57 21 17 63 38 35 29 42 41 32 49 70 232 228 231 232 223 227 225 224 223 220 168 231 230 225 225 179 226 229 228 228 227 221 224 224 224 228 230 227 226 228 227 228 227 230 230 222 228 229 226 225 226 218 221 213 212 212 211 199 41 24 26 22 36 40 35 38 219 204 208 206 208 206 196 218 189 204 203 191 195 207 216 184 184 181 179 180 177 169 192 206 
 12 15 12 44 204 206 207 220 36 13 24 39 23 54 25 34 34 40 55 38 226 228 229 228 232 221 221 222 220 218 222 226 226 227 226 240 220 226 226 228 226 222 222 224 221 226 223 226 226 240 227 226 225 226 228 226 228 228 226 225 225 219 221 212 211 212 212 219 96 32 26 34 33 39 41 30 224 202 205 202 210 193 184 212 207 180 200 189 200 202 203 202 170 179 177 180 170 174 191 181 
 10 12 43 56 205 206 207 220 25 27 23 31 63 60 35 43 43 45 49 172 226 226 229 229 233 217 219 220 219 217 217 162 230 227 225 225 198 222 220 220 221 222 222 224 223 225 220 222 224 208 227 222 222 222 227 226 226 226 226 224 224 222 218 209 210 211 211 219 224 36 34 20 37 113 148 54 84 202 203 201 198 186 177 204 199 197 191 185 199 200 190 192 188 184 160 151 147 147 170 172 
 10 13 31 129 205 204 206 121 34 21 24 38 48 53 36 55 43 40 56 231 222 223 229 229 229 230 217 223 219 218 217 221 215 229 220 222 238 215 215 220 220 220 220 222 221 225 218 220 222 218 214 221 221 220 227 227 226 226 227 220 222 220 217 208 208 209 209 216 228 35 67 149 149 151 148 135 202 198 200 197 181 172 173 188 186 182 181 178 176 167 144 121 104 101 103 91 91 84 87 89 
 13 14 18 176 200 202 209 39 31 32 23 93 46 61 32 22 40 48 42 222 222 221 225 228 228 225 221 222 220 218 218 214 161 220 219 220 219 228 217 218 218 220 220 221 214 198 217 219 220 219 233 220 217 218 227 226 226 225 229 219 221 216 215 206 205 207 208 214 198 58 123 138 145 155 134 145 178 183 171 162 134 115 108 115 99 75 75 193 170 136 46 91 90 89 88 87 88 88 86 85 
 6 13 17 191 201 201 221 34 21 22 27 32 67 34 39 29 27 60 144 217 220 220 220 225 226 226 223 215 214 218 220 216 226 208 218 219 220 209 215 216 216 218 218 213 211 216 220 216 218 217 190 217 216 216 224 225 225 224 222 218 217 203 210 194 196 196 198 198 182 90 125 139 147 156 128 148 117 114 202 202 190 164 132 105 88 94 107 83 88 83 38 79 87 85 92 91 81 89 80 78 
 17 16 13 178 199 200 221 26 24 27 42 19 30 35 44 30 41 60 227 216 216 220 221 225 225 225 221 223 214 215 211 215 219 178 211 217 217 216 234 214 213 215 217 211 210 211 226 213 217 219 206 196 209 211 216 211 217 215 213 199 201 191 187 170 137 125 124 173 186 184 118 137 162 155 137 139 112 115 90 96 96 92 85 121 153 149 151 91 97 97 36 75 115 140 148 143 139 136 136 139 
 20 13 12 190 189 196 172 26 23 19 28 35 30 24 30 18 63 54 213 214 213 215 217 223 224 217 222 222 215 212 213 212 216 230 202 214 216 214 185 213 213 216 214 208 208 208 188 203 212 215 198 242 191 192 196 188 168 140 131 158 183 178 168 160 147 159 172 169 133 108 112 147 132 154 150 143 115 115 79 88 100 99 98 93 167 168 176 162 161 139 43 146 131 137 140 141 135 137 132 124 
 33 13 15 184 195 196 87 20 20 16 23 25 35 41 23 40 56 57 211 213 213 214 218 221 223 219 216 219 222 212 204 206 209 205 193 204 214 213 214 230 213 211 207 209 206 203 207 210 200 188 167 222 146 182 195 180 171 166 166 167 169 156 133 99 96 98 97 93 88 89 108 123 143 148 151 130 115 119 97 121 144 148 153 144 145 123 84 62 65 45 10 19 32 24 22 20 24 18 23 17 
 37 11 9 178 160 193 29 16 19 18 20 26 33 22 15 39 68 168 212 212 214 212 217 221 216 217 215 220 215 210 205 201 200 200 214 198 204 209 209 154 207 195 182 192 188 168 157 207 176 166 144 178 171 149 169 168 140 106 91 96 100 94 88 87 85 88 78 84 94 93 54 41 44 51 31 38 18 12 19 18 26 23 21 13 19 15 38 29 28 25 13 12 15 16 11 10 15 15 14 14 
 29 13 17 177 201 193 15 20 22 25 44 69 18 21 31 44 60 224 211 214 213 209 212 214 213 217 209 210 206 206 211 190 201 197 174 208 193 200 176 156 148 132 133 100 125 128 118 166 143 151 150 148 200 108 96 85 60 50 39 27 27 16 27 17 22 24 19 15 16 17 18 15 15 16 15 15 13 8 14 13 12 14 14 15 13 13 11 13 10 12 9 11 10 11 10 10 11 10 10 11 
